0 1 5 9 6 10 11 2 14 7 15 3 19 8 4 18 12 16 13 35 23 31 24 27 32 28 33 30 29 20 34 26 25 17 21 22
1 0 5 9 10 6 14 11 2 7 15 3 19 18 8 4 12 16 23 35 24 27 13 31 28 32 33 30 29 20 34 25 26 21 17 22
2 7 3 6 11 8 4 12 13 5 16 0 1 17 9 10 14 22 15 26 31 35 19 21 18 20 30 27 23 24 25 29 28 32 33 34
3 7 2 8 4 12 13 11 6 16 17 5 0 1 22 10 9 14 26 31 21 35 15 30 20 19 18 25 27 29 23 24 32 28 33 34
4 8 13 3 12 7 2 16 17 11 6 22 5 10 0 26 1 21 9 31 35 30 20 14 25 29 27 18 24 23 15 19 32 28 34 33
5 0 1 9 6 10 11 2 14 7 3 15 8 19 4 12 16 13 18 23 24 20 27 17 28 35 31 32 33 30 21 25 22 29 26 34
6 2 7 11 3 5 0 1 8 4 9 10 12 13 16 14 17 15 22 19 18 20 31 35 26 21 23 24 27 30 28 25 32 29 33 34
7 2 3 6 11 8 4 12 13 16 5 17 0 1 10 9 22 14 15 26 21 19 31 20 35 18 30 23 24 27 25 29 28 32 33 34
8 4 13 3 12 7 2 16 17 11 6 22 5 10 0 26 21 1 9 31 35 20 30 14 25 29 15 18 19 24 27 23 34 32 28 33
9 5 1 10 0 14 6 15 11 19 2 7 18 3 24 23 20 16 12 27 8 4 28 13 32 33 21 25 35 31 29 17 34 30 26 22
10 9 14 5 15 1 0 11 19 6 18 2 7 20 16 24 23 3 12 8 4 27 28 13 21 17 25 32 33 22 29 31 35 26 30 34
11 7 6 2 3 12 8 16 4 13 5 10 9 0 1 17 14 15 19 22 20 18 21 24 23 26 27 25 31 28 35 30 29 32 33 34
12 13 8 16 4 17 3 7 11 2 6 22 21 10 5 20 26 0 9 25 31 14 1 15 35 19 30 18 24 29 23 27 28 34 32 33
13 12 8 4 17 16 3 7 2 11 22 6 21 26 31 5 35 20 25 30 10 0 1 29 9 14 15 34 19 18 24 23 27 32 33 28
14 15 10 19 9 18 24 23 5 20 1 0 11 27 28 6 16 2 7 21 32 33 12 3 25 4 8 13 34 29 17 22 30 26 31 35
15 19 14 10 20 18 24 9 23 5 1 0 28 21 27 11 16 25 6 33 32 12 29 7 2 26 22 34 17 30 31 3 35 13 8 4
16 12 13 17 8 4 11 3 7 2 22 6 21 20 10 15 19 14 26 25 5 18 9 24 31 0 23 35 1 30 29 27 28 34 32 33
17 13 12 16 22 8 4 3 21 7 11 26 2 25 31 6 20 35 30 29 34 10 15 19 24 5 18 33 32 23 14 28 0 27 9 1
18 24 23 19 28 27 15 14 20 33 32 10 9 34 21 25 29 16 5 1 11 0 30 12 26 6 31 35 17 22 4 7 13 8 2 3
19 15 18 14 24 20 23 10 28 27 9 21 33 32 25 5 16 11 1 0 34 29 6 12 30 26 22 17 7 31 2 35 13 3 4 8
20 19 15 21 18 24 25 14 23 16 10 22 28 27 26 17 29 12 30 31 11 35 33 9 34 32 13 8 5 4 1 0 7 6 3 2
21 25 22 26 20 31 30 35 29 17 16 34 15 19 12 13 24 18 33 23 32 28 8 4 27 14 11 10 3 7 2 9 6 0 5 1
22 26 21 17 25 31 35 30 13 16 29 12 8 4 20 34 3 7 11 2 33 32 6 24 15 19 28 18 23 27 0 5 10 1 14 9
23 24 18 28 27 19 32 33 14 15 20 34 10 29 25 21 9 30 16 1 5 0 31 26 35 11 12 22 4 17 6 8 13 3 7 2
24 23 18 28 27 19 33 32 15 20 14 34 10 25 29 21 9 30 16 26 31 35 1 5 0 11 22 12 17 4 13 8 6 3 7 2
25 26 21 30 29 31 35 22 34 20 33 32 17 24 28 19 15 23 18 27 16 13 12 14 8 4 10 0 1 9 11 3 5 7 2 6
26 31 35 30 25 29 22 21 34 17 33 32 20 13 16 12 8 4 28 24 27 3 23 15 19 18 7 2 11 0 1 6 5 9 10 14
27 28 23 24 32 33 18 34 19 14 29 15 20 30 25 10 21 35 31 9 26 1 0 5 16 22 4 12 11 8 17 13 3 6 2 7
28 27 23 24 32 33 18 34 19 29 14 15 20 25 30 21 35 31 10 26 9 1 0 16 22 5 4 17 12 11 8 13 3 6 2 7
29 30 34 35 31 26 25 33 32 21 22 28 27 24 23 20 17 18 19 15 13 16 1 0 12 8 4 14 9 5 3 10 2 7 6 11
30 35 31 29 26 25 34 22 21 33 32 17 28 27 20 24 23 13 16 18 12 8 4 19 0 1 15 3 2 7 5 9 6 11 14 10
31 35 30 26 29 25 34 22 21 33 32 17 20 13 28 16 27 12 8 4 24 0 1 23 3 15 18 2 7 19 5 6 9 11 10 14
32 33 34 28 27 29 23 24 30 18 35 31 25 26 19 21 20 22 15 14 1 0 9 17 10 5 4 16 13 8 12 3 2 6 7 11
33 32 34 28 27 29 23 24 30 18 35 31 25 26 19 21 20 22 15 14 1 0 9 17 10 5 4 16 13 8 12 3 2 6 7 11
34 29 33 32 30 35 31 25 26 28 27 24 23 21 22 18 20 19 17 15 1 0 13 14 16 4 8 12 9 5 3 10 2 7 6 11
35 31 30 26 29 25 34 22 21 33 32 17 20 28 13 27 16 12 24 8 0 4 1 23 3 18 15 2 19 5 7 6 9 11 10 14
